0:4.871444669779093,5.219925950766814,5.187807973534348,5.204488648173077,5.190321766565271,5.236390253462853,5.23213628753446,5.104358637148648,5.214961127202955,5.131070442390807,5.180950484994827,5.227004933170483,5.240810653209664,5.195828823319402,4.627032403787122,
1:3.7048304572571142,3.9996550760909644,4.011505569449057,3.9477841667047686,3.7901307410537113,3.923295549504366,3.9490128603520214,3.941263839228069,3.9731154642706663,3.9522190579446166,3.989615060736053,
2:4.616270430920329,6.861076746135242,6.73044361701983,6.85218704682561,7.007884012069319,6.950446010496735,6.758172324104626,6.801855257619437,6.8194902214946485,6.88659366621526,6.918613863360072,6.881284964342908,6.863673643945032,6.886846165850659,6.859851057567967,6.912458509495016,6.835270104892035,6.918940137954763,6.780693799977098,6.631082567162184,5.4361941886157865,
3:5.4071195395896945,6.252998721422687,6.250018381937201,6.26002028957182,6.142505479082588,6.25429505912521,6.237355207760612,6.333864190575372,6.299617377310358,6.222895185277963,6.274852473310704,6.344528803739783,5.905343898403124,6.351965970818343,6.265850385718496,6.284497246791474,6.152877761925192,
4:2.9058693680071768,2.148037794512777,1.8796948428291476,2.072542674194546,2.080759564283558,2.1281335768587493,
5:5.794101233115783,4.98936486387762,4.959818241555264,5.0735435624506575,5.013353463662221,4.988928361751315,5.019916850760649,5.0145569393800855,5.015283387488984,4.863358696332596,4.975057071305994,5.003345341164775,4.952937037016008,4.797138485015888,
6:3.878082678964333,3.8370997534859113,3.888899392535239,3.804371567875544,3.869702422973448,3.8747417993836364,3.888943174982773,3.8930141158130196,3.868744084105174,3.856722019125975,3.8894577617831994,3.1866854835931555,
7:6.049600247461354,6.330262960697716,6.430567936745082,6.465309107903447,6.409279254817479,6.456255090265127,6.36996315174554,6.4124557451910515,6.451990647473027,6.338766958688792,6.386612121881712,6.469806796711898,6.501157442056757,6.50702579385567,6.612973879272966,6.552238788822898,6.563822969324147,6.054401597905332,4.5105678829056925,
8:5.102456376462188,5.394296414684545,5.575804523397503,5.638568657333923,5.946809931663607,5.884299705187021,5.972780370172946,6.024764371328002,6.110871742623745,5.985499991123056,5.912541464372579,6.02749979571947,5.89612404091122,5.894745831544272,6.114477020245303,5.007920687280716,
9:2.864497695360279,2.0940147467214705,2.115468066994301,2.0933065512232423,2.101370781186419,2.0865524598481473,
