0:4.010224310986443,4.811431003618658,4.974106912700153,4.9695631868676795,4.907980433322203,4.935573723132288,4.906001224925895,4.970189630025371,4.96252465795052,4.9978628569877,4.96408618542736,4.974803563831679,4.898778334030742,4.89095638602336,4.74319636484965,
1:3.4350993973068524,3.868837377642533,3.8310630536193377,3.877807169412616,3.90955515969275,3.9350609316702942,3.9417441752848132,3.8578036305203893,3.8903253373064963,3.9236253911137595,3.7991644993292284,
2:4.938978268017968,6.441080925439296,6.457928963442811,6.338046718517788,6.240527609566849,6.501788766928534,6.423118963218281,6.4104728861591145,6.380433085212246,6.373264998208357,6.480435962331152,6.514932683850944,6.28582867803342,6.403310109298916,6.507180929930075,6.368346036071996,6.431477148144523,6.54367283785931,5.3338607623819065,
3:4.862203685409777,5.833387530199749,6.00906553063095,5.977580237400575,5.975993907517594,5.922704593784614,5.913766342194429,6.04578037329491,7.281893696738166,5.956202886498498,6.015153559671132,5.943724423568695,7.724711560832856,5.914935013223008,5.976063115168927,5.955387435792452,5.268650281372997,
4:2.9374295736577616,2.115397937827511,2.1160965562046252,2.1065594460367323,2.0943391954041877,2.0874014268481247,
5:4.056454896525428,4.751151618218679,4.765710141941733,4.76035672736638,4.753509667904476,4.828533306771733,4.7502867101522686,4.786508509103771,4.745005295571984,4.7276440842906755,4.747483385790899,4.676476848047924,4.862965449928647,4.23311812483689,
6:3.5267181171473245,3.7956880001881417,3.7715509271235277,3.7791096070446244,3.7661444424514827,3.783426299716728,3.7764390656333156,3.7680879824631397,3.8457734769085903,3.8202462809694056,
7:3.1560241590220826,6.14390698968637,6.253231370149143,6.171251447609965,6.193564634360688,6.186331146349135,6.205598311943332,6.132987000454587,6.272762566054345,6.205214530946358,6.220083745728191,6.258110645047877,6.048764331617162,6.207544502091298,6.007446177822066,6.137160513262049,6.130114548639567,5.831737393234357,4.887524363244611,
8:4.824006663837237,5.608798327521412,5.629626093212371,5.723474462901094,5.600621044783521,5.468745552033214,5.655362986611746,5.681451795559268,5.677280816551545,5.67131760656819,5.580815484809987,5.690991814301358,5.714885863867053,5.739908234664262,5.615287143579992,3.4966671930653623,
9:2.674738369838558,2.1264551598915817,2.134887352898722,2.1217882600242346,2.110081737314853,2.078315389604838,1.989733353350201,2.027863420496972,
